0000000010000000010000000001000000000100000000010000000001000000010000000000010000000000010000100000
0000000010000010000000000000100000000100000000010000000001000000000100000000100000000001000000000100
0000000010000000001000000001000000000100000000010000000001000000000010000000010000001000000000010000
0000000010000000010000000001000000000010000000010000000001000000000100000000010000000001000000000100
0000000100000000010000000001000000000010000000010000000001000000000100000000001000000001000000010000
0000000100000000010000000000100100000000000000010000000010000000000100000000010000001000000000000010
0000000100000000001000000001000000000100000000001000100000000000000100000000010000000001000000000100
0000000100000000010000000000100000000100000000001000000001000000001000000000010000000100000000000100
0000000100000000100000000001000000000010000000010000001000000000000100000000010000000000100000000100
0000000100000000010000000001000000000100000000100000000001000000000100000000010000000010000000000100
0000000100000001000000100000000000000100000000010000001000000000000001000010000000000000100000001000
0000000100000000010000000001000000000100000000010000000001000000000100000000001000000000100000000100
0000000100000000010000000100000000000100000001000000000000100000000100000000010000000100000000001000
0000000100000000010000100000000000000100000000010000000001000000000100000000100000000001000000000100
0000000100000000010000000001000000000100000000010000000001000000000100000000010000000001000000000100
0000000100000000001000000001000000000100000000010000000001000000010000000010000000000010000000000100
0000001000000000010000000010000000000010000000010000000001000000000010000000010000000001000000000100
0000001000001000000000000000100000000010001000000000000001000000000100000000010000000001000000000010
0000001000000100000000000001000000010000000000001000000001000000000100000000010000000001000000000100
0000000100000000010000000000100000000010000001000000000001000000000100000000001000000001000000000100
0000010000000000010000000001000000001000001000000000000001000000010000000000010000000001000010000000
0000010000000001000000010000000001000000000000010000000100000000010000000000010000000001000000100000
0000000010000000010000000001000000000100000000001000000001000000000010000000010000000100000000000100
0000100000000000100000000100000000000100000000001000000001000000010000000000100000000001000000000100
0000000100000001000000000001000000000100000000010000000001000000000100000000010000000000100000000100
0001000000000001000000000100000000000001000000010000000001000000000100000000010000000100000000000100
0000000100000000001000000001000000010000000000010000000001000000010000000000010000000000100000000010
0010000000000000010000000001000000000100000000010000000100000000000100000000010000000001000000000100
0000010000000000010000000001000000000100000000010000000000100000000100000000010000000000100000000100
0000010000000000100000000001000000000100000000001000000001000000000010000000010000000001000000000100
